#taxid	Nalignments	Direction	Pos	AA	AC	AG	AT	CA	CC	CG	CT	GA	GC	GG	GT	TA	TC	TG	TT
7	778	5'	0	0.975155	0.012422	0.000000	0.012422	0.009390	0.755869	0.000000	0.234742	0.043011	0.000000	0.956989	0.000000	0.000000	0.027523	0.000000	0.972477
7	778	5'	1	0.981707	0.000000	0.018293	0.000000	0.000000	0.805128	0.020513	0.174359	0.035874		0.000000	0.964126	0.000000	0.000000	0.005102	0.000000	0.994898
7	778	5'	2	0.893333	0.093333	0.000000	0.013333	0.000000	0.978947	0.000000	0.021053	0.043478	0.000000	0.947826	0.008696	0.009901	0.004950	0.000000	0.985148
7	778	5'	3	0.989796	0.000000	0.010204	0.000000	0.004673	0.943925	0.000000	0.051402	0.005076	0.000000	0.989848	0.005076	0.000000	0.011696	0.000000	0.988304
7	778	5'	4	0.976190	0.000000	0.000000	0.023810	0.020942	0.979058	0.000000	0.000000	0.017316	0.000000	0.982684	0.000000	0.027027	0.005405	0.000000	0.967568
7	778	5'	5	1.000000	0.000000	0.000000	0.000000	0.009217	0.986175	0.000000	0.004608	0.037453	0.000000	0.962547	0.000000	0.000000	0.000000	0.000000	1.000000
7	778	5'	6	1.000000	0.000000	0.000000	0.000000	0.000000	0.959276	0.000000	0.040724	0.000000	0.076555	0.923445	0.000000	0.000000	0.005917	0.000000	0.994083
7	778	5'	7	0.994681	0.005319	0.000000	0.000000	0.010050	0.984925	0.000000	0.005025	0.000000	0.000000	1.000000	0.000000	0.009852	0.009852	0.000000	0.980296
7	778	5'	8	0.985714	0.000000	0.000000	0.014286	0.000000	0.980769	0.000000	0.019231	0.032258	0.000000	0.967742	0.000000	0.000000	0.000000	0.000000	1.000000
7	778	5'	9	1.000000	0.000000	0.000000	0.000000	0.000000	0.963351	0.000000	0.036649	0.029536	0.025316	0.945148	0.000000	0.009662	0.000000	0.014493	0.975845
7	778	5'	10	1.000000	0.000000	0.000000	0.000000	0.013333	0.977778	0.000000	0.008889	0.044053	0.000000	0.955947	0.000000	0.000000	0.000000	0.000000	1.000000
7	778	5'	11	0.960894	0.033520	0.005587	0.000000	0.000000	1.000000	0.000000	0.000000	0.000000	0.000000	1.000000	0.000000	0.000000	0.000000	0.000000	1.000000
7	778	5'	12	0.989418	0.000000	0.000000	0.010582	0.000000	0.991071	0.000000	0.008929	0.000000	0.013072	0.980392	0.006536	0.009524	0.000000	0.000000	0.990476
7	778	5'	13	0.982036	0.000000	0.017964	0.000000	0.000000	0.990148	0.000000	0.009852	0.000000	0.000000	1.000000	0.000000	0.000000	0.011299	0.000000	0.988701
7	778	5'	14	0.977778	0.000000	0.022222	0.000000	0.000000	0.965665	0.000000	0.034335	0.031250	0.010417	0.958333	0.000000	0.000000	0.000000	0.000000	1.000000
7	778	3'	0	0.994595	0.000000	0.005405	0.000000	0.000000	0.975000	0.000000	0.025000	0.252381	0.009524	0.738095	0.000000	0.010929	0.000000	0.021858	0.967213
7	778	3'	1	0.994565	0.000000	0.000000	0.005435	0.000000	0.995261	0.000000	0.004739	0.117371	0.028169	0.854460	0.000000	0.000000	0.000000	0.023529	0.976471
7	778	3'	2	0.973684	0.026316	0.000000	0.000000	0.000000	1.000000	0.000000	0.000000	0.095238	0.000000	0.883598	0.021164	0.010753	0.021505	0.000000	0.967742
7	778	3'	3	0.993289	0.000000	0.006711	0.000000	0.000000	0.981900	0.000000	0.018100	0.048544	0.000000	0.951456	0.000000	0.000000	0.024752	0.024752	0.950495
7	778	3'	4	0.967949	0.000000	0.032051	0.000000	0.008547	0.974359	0.000000	0.017094	0.009050	0.000000	0.981900	0.009050	0.006024	0.024096	0.024096	0.945783
7	778	3'	5	0.976048	0.000000	0.023952	0.000000	0.000000	0.984615	0.000000	0.015385	0.000000	0.000000	0.987755	0.012245	0.011696	0.046784	0.000000	0.941520
7	778	3'	6	0.969466	0.000000	0.030534	0.000000	0.000000	1.000000	0.000000	0.000000	0.009050	0.000000	0.972851	0.018100	0.000000	0.000000	0.000000	1.000000
7	778	3'	7	0.923977	0.000000	0.058480	0.017544	0.019048	0.942857	0.000000	0.038095	0.009259	0.009259	0.962963	0.018519	0.005525	0.022099	0.027624	0.944751
7	778	3'	8	1.000000	0.000000	0.000000	0.000000	0.008621	0.991379	0.000000	0.000000	0.009009	0.009009	0.981982	0.000000	0.000000	0.000000	0.000000	1.000000
7	778	3'	9	1.000000	0.000000	0.000000	0.000000	0.009569	0.980861	0.009569	0.000000	0.000000	0.000000	1.000000	0.000000	0.000000	0.014388	0.000000	0.985611
7	778	3'	10	0.988636	0.000000	0.000000	0.011364	0.000000	0.975248	0.000000	0.024752	0.023148	0.000000	0.976852	0.000000	0.000000	0.005495	0.000000	0.994505
7	778	3'	11	0.968944	0.000000	0.031056	0.000000	0.000000	0.980237	0.003953	0.015810	0.005495	0.000000	0.994505	0.000000	0.000000	0.010989	0.027473	0.961538
7	778	3'	12	0.982143	0.000000	0.017857	0.000000	0.035088	0.929825	0.000000	0.035088	0.017937	0.000000	0.982063	0.000000	0.000000	0.012903	0.000000	0.987097
7	778	3'	13	1.000000	0.000000	0.000000	0.000000	0.000000	1.000000	0.000000	0.000000	0.000000	0.000000	1.000000	0.000000	0.000000	0.006536	0.006536	0.986928
7	778	3'	14	1.000000	0.000000	0.000000	0.000000	0.000000	0.978723	0.000000	0.021277	0.011858	0.003953	0.984190	0.000000	0.000000	0.000000	0.012987	0.987013
